fluxQ1,fluxQ2,fluxQ3,fluxQ4
0.24104549854791868,0.24298160696999033,0.2633107454017425,0.2526621490803485
0.24298160696999033,0.24104549854791868,0.2526621490803485,0.2633107454017425
0.2633107454017425,0.2526621490803485,0.24104549854791868,0.24298160696999033
0.2526621490803485,0.2633107454017425,0.24298160696999033,0.24104549854791868
0.24542829643888353,0.2569778633301251,0.2550529355149182,0.24254090471607315
0.2569778633301251,0.24542829643888353,0.24254090471607315,0.2550529355149182
0.2550529355149182,0.24254090471607315,0.24542829643888353,0.2569778633301251
0.24254090471607315,0.2550529355149182,0.2569778633301251,0.24542829643888353
0.25073170731707317,0.2604878048780488,0.24780487804878049,0.24097560975609755
0.2604878048780488,0.25073170731707317,0.24097560975609755,0.24780487804878049
0.24780487804878049,0.24097560975609755,0.25073170731707317,0.2604878048780488
0.24097560975609755,0.24780487804878049,0.2604878048780488,0.25073170731707317
0.24561403508771928,0.2475633528265107,0.25048732943469787,0.25633528265107214
0.2583732057416268,0.24880382775119617,0.24784688995215312,0.24497607655502393
0.24880382775119617,0.2583732057416268,0.24497607655502393,0.24784688995215312
0.24784688995215312,0.24497607655502393,0.2583732057416268,0.24880382775119617
0.24497607655502393,0.24784688995215312,0.24880382775119617,0.2583732057416268
0.24854368932038834,0.24563106796116504,0.24951456310679612,0.2563106796116505
0.24563106796116504,0.24854368932038834,0.2563106796116505,0.24951456310679612
0.24951456310679612,0.2563106796116505,0.24854368932038834,0.24563106796116504
0.2563106796116505,0.24951456310679612,0.24563106796116504,0.24854368932038834
0.2475633528265107,0.24561403508771928,0.25633528265107214,0.25048732943469787
0.25048732943469787,0.25633528265107214,0.24561403508771928,0.2475633528265107
0.25633528265107214,0.25048732943469787,0.2475633528265107,0.24561403508771928
0.25320197044334974,0.24926108374384237,0.24926108374384237,0.2482758620689655
0.25024630541871923,0.25024630541871923,0.2482758620689655,0.2512315270935961
0.25024630541871923,0.25024630541871923,0.2512315270935961,0.2482758620689655
0.2482758620689655,0.2512315270935961,0.25024630541871923,0.25024630541871923
0.2512315270935961,0.2482758620689655,0.25024630541871923,0.25024630541871923
0.253411306042885,0.24951267056530213,0.24853801169590642,0.24853801169590642
0.24951267056530213,0.253411306042885,0.24853801169590642,0.24853801169590642
0.24853801169590642,0.24853801169590642,0.253411306042885,0.24951267056530213
0.24853801169590642,0.24853801169590642,0.24951267056530213,0.253411306042885
0.25290697674418605,0.24612403100775193,0.25387596899224807,0.24709302325581395
0.24612403100775193,0.25290697674418605,0.24709302325581395,0.25387596899224807
0.25387596899224807,0.24709302325581395,0.25290697674418605,0.24612403100775193
0.24709302325581395,0.25387596899224807,0.24612403100775193,0.25290697674418605
0.24926108374384237,0.25320197044334974,0.2482758620689655,0.24926108374384237
0.24926108374384237,0.2482758620689655,0.25320197044334974,0.24926108374384237
0.2482758620689655,0.24926108374384237,0.24926108374384237,0.25320197044334974
0.25556631171345595,0.24298160696999033,0.24394966118102615,0.2575024201355276
0.24298160696999033,0.25556631171345595,0.2575024201355276,0.24394966118102615
0.24394966118102615,0.2575024201355276,0.25556631171345595,0.24298160696999033
0.2575024201355276,0.24394966118102615,0.24298160696999033,0.25556631171345595
0.24854932301740812,0.25918762088974856,0.24758220502901354,0.24468085106382978
0.2448780487804878,0.2546341463414634,0.25658536585365854,0.24390243902439024
0.2546341463414634,0.2448780487804878,0.24390243902439024,0.25658536585365854
0.25658536585365854,0.24390243902439024,0.2448780487804878,0.2546341463414634
0.24390243902439024,0.25658536585365854,0.2546341463414634,0.2448780487804878
0.24459724950884087,0.25245579567779963,0.2554027504911591,0.2475442043222004
0.25245579567779963,0.24459724950884087,0.2475442043222004,0.2554027504911591
0.2554027504911591,0.2475442043222004,0.24459724950884087,0.25245579567779963
0.2475442043222004,0.2554027504911591,0.25245579567779963,0.24459724950884087
0.25918762088974856,0.24854932301740812,0.24468085106382978,0.24758220502901354
0.24758220502901354,0.24468085106382978,0.24854932301740812,0.25918762088974856
0.24468085106382978,0.24758220502901354,0.25918762088974856,0.24854932301740812
0.251953125,0.25390625,0.2490234375,0.2451171875
0.25390625,0.251953125,0.2451171875,0.2490234375
0.2490234375,0.2451171875,0.251953125,0.25390625
0.2451171875,0.2490234375,0.25390625,0.251953125
0.24733268671193018,0.25315227934044615,0.2550921435499515,0.24442289039767218
0.25315227934044615,0.24733268671193018,0.24442289039767218,0.2550921435499515
0.2550921435499515,0.24442289039767218,0.24733268671193018,0.25315227934044615
0.24442289039767218,0.2550921435499515,0.25315227934044615,0.24733268671193018
0.250968992248062,0.2548449612403101,0.24806201550387597,0.24612403100775193
0.2548449612403101,0.250968992248062,0.24612403100775193,0.24806201550387597
0.24806201550387597,0.24612403100775193,0.250968992248062,0.2548449612403101
0.24612403100775193,0.24806201550387597,0.2548449612403101,0.250968992248062
0.2504930966469428,0.2485207100591716,0.2495069033530572,0.2514792899408284
0.2485207100591716,0.2504930966469428,0.2514792899408284,0.2495069033530572
0.2495069033530572,0.2514792899408284,0.2504930966469428,0.2485207100591716
0.2514792899408284,0.2495069033530572,0.2485207100591716,0.2504930966469428
0.24630541871921183,0.25320197044334974,0.2541871921182266,0.24630541871921183
0.25098039215686274,0.2549019607843137,0.24705882352941178,0.24705882352941178
0.2549019607843137,0.25098039215686274,0.24705882352941178,0.24705882352941178
0.24705882352941178,0.24705882352941178,0.25098039215686274,0.2549019607843137
0.24705882352941178,0.24705882352941178,0.2549019607843137,0.25098039215686274
0.25320197044334974,0.24630541871921183,0.24630541871921183,0.2541871921182266
0.2541871921182266,0.24630541871921183,0.24630541871921183,0.25320197044334974
0.24630541871921183,0.2541871921182266,0.25320197044334974,0.24630541871921183
0.25456292026897215,0.2478386167146974,0.2507204610951009,0.24687800192122958
0.2478386167146974,0.25456292026897215,0.24687800192122958,0.2507204610951009
0.2507204610951009,0.24687800192122958,0.25456292026897215,0.2478386167146974
0.24687800192122958,0.2507204610951009,0.2478386167146974,0.25456292026897215
0.25121713729308665,0.2453748782862707,0.25511197663096397,0.24829600778967867
0.2453748782862707,0.25121713729308665,0.24829600778967867,0.25511197663096397
0.25511197663096397,0.24829600778967867,0.25121713729308665,0.2453748782862707
0.24829600778967867,0.25511197663096397,0.2453748782862707,0.25121713729308665
0.24533856722276742,0.25417075564278707,0.25318940137389595,0.24730127576054955
0.25417075564278707,0.24533856722276742,0.24730127576054955,0.25318940137389595
0.25318940137389595,0.24730127576054955,0.24533856722276742,0.25417075564278707
0.24730127576054955,0.25318940137389595,0.25417075564278707,0.24533856722276742
0.25318940137389595,0.24730127576054955,0.24730127576054955,0.2522080471050049
0.24730127576054955,0.25318940137389595,0.2522080471050049,0.24730127576054955
0.24730127576054955,0.2522080471050049,0.25318940137389595,0.24730127576054955
0.2522080471050049,0.24730127576054955,0.24730127576054955,0.25318940137389595
0.24703557312252963,0.2598814229249012,0.24604743083003952,0.24703557312252963
0.2598814229249012,0.24703557312252963,0.24703557312252963,0.24604743083003952
0.24604743083003952,0.24703557312252963,0.24703557312252963,0.2598814229249012
0.24703557312252963,0.24604743083003952,0.2598814229249012,0.24703557312252963
0.25,0.2529182879377432,0.24708171206225682,0.25
0.2529182879377432,0.25,0.25,0.24708171206225682
0.24708171206225682,0.25,0.25,0.2529182879377432
0.25,0.24708171206225682,0.2529182879377432,0.25
0.25318940137389595,0.24435721295387636,0.24533856722276742,0.25711481844946027
0.24435721295387636,0.25318940137389595,0.25711481844946027,0.24533856722276742
0.24533856722276742,0.25711481844946027,0.25318940137389595,0.24435721295387636
0.25711481844946027,0.24533856722276742,0.24435721295387636,0.25318940137389595
0.25047801147227533,0.24665391969407266,0.25047801147227533,0.25239005736137665
0.24665391969407266,0.25047801147227533,0.25239005736137665,0.25047801147227533
0.25047801147227533,0.25239005736137665,0.25047801147227533,0.24665391969407266
0.25239005736137665,0.25047801147227533,0.24665391969407266,0.25047801147227533
0.2546523016650343,0.25367286973555336,0.24681684622918706,0.24485798237022527
0.25367286973555336,0.2546523016650343,0.24485798237022527,0.24681684622918706
0.24681684622918706,0.24485798237022527,0.2546523016650343,0.25367286973555336
0.24485798237022527,0.24681684622918706,0.25367286973555336,0.2546523016650343
0.25,0.25961538461538464,0.24615384615384617,0.24423076923076922
0.25961538461538464,0.25,0.24423076923076922,0.24615384615384617
0.24615384615384617,0.24423076923076922,0.25,0.25961538461538464
0.24423076923076922,0.24615384615384617,0.25961538461538464,0.25
0.2522080471050049,0.25318940137389595,0.24730127576054955,0.24730127576054955
0.24731182795698925,0.24731182795698925,0.24731182795698925,0.25806451612903225
0.24731182795698925,0.24731182795698925,0.25806451612903225,0.24731182795698925
0.24731182795698925,0.25806451612903225,0.24731182795698925,0.24731182795698925
0.25806451612903225,0.24731182795698925,0.24731182795698925,0.24731182795698925
0.25119846596356665,0.2464046021093001,0.2588686481303931,0.24352828379674019
0.2464046021093001,0.25119846596356665,0.24352828379674019,0.2588686481303931
0.2588686481303931,0.24352828379674019,0.25119846596356665,0.2464046021093001
0.24352828379674019,0.2588686481303931,0.2464046021093001,0.25119846596356665
0.24561403508771928,0.24561403508771928,0.2573099415204678,0.25146198830409355
0.24561403508771928,0.24561403508771928,0.25146198830409355,0.2573099415204678
0.2573099415204678,0.25146198830409355,0.24561403508771928,0.24561403508771928
0.25146198830409355,0.2573099415204678,0.24561403508771928,0.24561403508771928
0.24780487804878049,0.25073170731707317,0.2546341463414634,0.24682926829268292
0.2446601941747573,0.26019417475728157,0.25145631067961166,0.2436893203883495
0.26019417475728157,0.2446601941747573,0.2436893203883495,0.25145631067961166
0.25145631067961166,0.2436893203883495,0.2446601941747573,0.26019417475728157
0.2436893203883495,0.25145631067961166,0.26019417475728157,0.2446601941747573
0.25073170731707317,0.24780487804878049,0.24682926829268292,0.2546341463414634
0.2546341463414634,0.24682926829268292,0.24780487804878049,0.25073170731707317
0.24682926829268292,0.2546341463414634,0.25073170731707317,0.24780487804878049
0.24420849420849422,0.24517374517374518,0.2577220077220077,0.2528957528957529
0.2522080471050049,0.2423945044160942,0.24533856722276742,0.26005888125613347
0.2423945044160942,0.2522080471050049,0.26005888125613347,0.24533856722276742
0.24533856722276742,0.26005888125613347,0.2522080471050049,0.2423945044160942
0.26005888125613347,0.24533856722276742,0.2423945044160942,0.2522080471050049
0.263768115942029,0.2463768115942029,0.242512077294686,0.24734299516908212
0.2463768115942029,0.263768115942029,0.24734299516908212,0.242512077294686
0.242512077294686,0.24734299516908212,0.263768115942029,0.2463768115942029
0.24734299516908212,0.242512077294686,0.2463768115942029,0.263768115942029
0.2434529582929195,0.24733268671193018,0.25121241513094084,0.2580019398642095
0.24733268671193018,0.2434529582929195,0.2580019398642095,0.25121241513094084
0.25121241513094084,0.2580019398642095,0.2434529582929195,0.24733268671193018
0.2580019398642095,0.25121241513094084,0.24733268671193018,0.2434529582929195
0.24633431085043989,0.25219941348973607,0.2561094819159335,0.24535679374389052
0.25219941348973607,0.24633431085043989,0.24535679374389052,0.2561094819159335
0.2561094819159335,0.24535679374389052,0.24633431085043989,0.25219941348973607
0.24535679374389052,0.2561094819159335,0.25219941348973607,0.24633431085043989
0.25405921680993315,0.2502387774594078,0.24832855778414517,0.24737344794651384
0.2502387774594078,0.25405921680993315,0.24737344794651384,0.24832855778414517
0.24832855778414517,0.24737344794651384,0.25405921680993315,0.2502387774594078
0.24737344794651384,0.24832855778414517,0.2502387774594078,0.25405921680993315
0.24517374517374518,0.24420849420849422,0.2528957528957529,0.2577220077220077
0.2577220077220077,0.2528957528957529,0.24420849420849422,0.24517374517374518
0.2528957528957529,0.2577220077220077,0.24517374517374518,0.24420849420849422
0.2568359375,0.2509765625,0.2431640625,0.2490234375
0.25193798449612403,0.25,0.24321705426356588,0.2548449612403101
0.25,0.25193798449612403,0.2548449612403101,0.24321705426356588
0.24321705426356588,0.2548449612403101,0.25193798449612403,0.25
0.2548449612403101,0.24321705426356588,0.25,0.25193798449612403
0.2471042471042471,0.2548262548262548,0.2519305019305019,0.24613899613899615
0.2548262548262548,0.2471042471042471,0.24613899613899615,0.2519305019305019
0.2519305019305019,0.24613899613899615,0.2471042471042471,0.2548262548262548
0.24613899613899615,0.2519305019305019,0.2548262548262548,0.2471042471042471
0.24803921568627452,0.24313725490196078,0.24803921568627452,0.2607843137254902
0.24313725490196078,0.24803921568627452,0.2607843137254902,0.24803921568627452
0.24803921568627452,0.2607843137254902,0.24803921568627452,0.24313725490196078
0.2607843137254902,0.24803921568627452,0.24313725490196078,0.24803921568627452
0.2509765625,0.2568359375,0.2490234375,0.2431640625
0.2431640625,0.2490234375,0.2568359375,0.2509765625
0.2490234375,0.2431640625,0.2509765625,0.2568359375
0.25146198830409355,0.24561403508771928,0.24366471734892786,0.25925925925925924
0.24561403508771928,0.25146198830409355,0.25925925925925924,0.24366471734892786
0.24366471734892786,0.25925925925925924,0.25146198830409355,0.24561403508771928
0.25925925925925924,0.24366471734892786,0.24561403508771928,0.25146198830409355
0.24878048780487805,0.24585365853658536,0.25658536585365854,0.24878048780487805
0.24585365853658536,0.24878048780487805,0.24878048780487805,0.25658536585365854
0.25658536585365854,0.24878048780487805,0.24878048780487805,0.24585365853658536
0.24878048780487805,0.25658536585365854,0.24585365853658536,0.24878048780487805
0.2522255192878338,0.2522255192878338,0.24925816023738873,0.24629080118694363
0.2522255192878338,0.2522255192878338,0.24629080118694363,0.24925816023738873
0.24925816023738873,0.24629080118694363,0.2522255192878338,0.2522255192878338
0.24629080118694363,0.24925816023738873,0.2522255192878338,0.2522255192878338
0.24583741429970618,0.24779627815866798,0.2517140058765916,0.2546523016650343
0.24779627815866798,0.24583741429970618,0.2546523016650343,0.2517140058765916
0.2517140058765916,0.2546523016650343,0.24583741429970618,0.24779627815866798
0.2546523016650343,0.2517140058765916,0.24779627815866798,0.24583741429970618
0.24245374878286272,0.24148003894839337,0.2560856864654333,0.2599805258033106
0.24148003894839337,0.24245374878286272,0.2599805258033106,0.2560856864654333
0.2560856864654333,0.2599805258033106,0.24245374878286272,0.24148003894839337
0.2599805258033106,0.2560856864654333,0.24148003894839337,0.24245374878286272
0.25943852855759925,0.24878993223620524,0.24394966118102615,0.24782187802516942
0.24878993223620524,0.25943852855759925,0.24782187802516942,0.24394966118102615
0.24394966118102615,0.24782187802516942,0.25943852855759925,0.24878993223620524
0.24782187802516942,0.24394966118102615,0.24878993223620524,0.25943852855759925
0.24758220502901354,0.24854932301740812,0.2572533849129594,0.24661508704061896
0.24854932301740812,0.24758220502901354,0.24661508704061896,0.2572533849129594
0.2572533849129594,0.24661508704061896,0.24758220502901354,0.24854932301740812
0.24661508704061896,0.2572533849129594,0.24854932301740812,0.24758220502901354
0.24610894941634243,0.2509727626459144,0.25680933852140075,0.24610894941634243
0.2509727626459144,0.24610894941634243,0.24610894941634243,0.25680933852140075
0.25680933852140075,0.24610894941634243,0.24610894941634243,0.2509727626459144
0.24610894941634243,0.25680933852140075,0.2509727626459144,0.24610894941634243
0.2470472440944882,0.24311023622047245,0.25393700787401574,0.2559055118110236
0.24311023622047245,0.2470472440944882,0.2559055118110236,0.25393700787401574
0.25393700787401574,0.2559055118110236,0.2470472440944882,0.24311023622047245
0.2559055118110236,0.25393700787401574,0.24311023622047245,0.2470472440944882
0.2492753623188406,0.2531400966183575,0.25217391304347825,0.24541062801932367
0.2531400966183575,0.2492753623188406,0.24541062801932367,0.25217391304347825
0.25217391304347825,0.24541062801932367,0.2492753623188406,0.2531400966183575
0.24541062801932367,0.25217391304347825,0.2531400966183575,0.2492753623188406
0.2534516765285996,0.23964497041420119,0.24753451676528598,0.2593688362919132
0.23964497041420119,0.2534516765285996,0.2593688362919132,0.24753451676528598
0.24753451676528598,0.2593688362919132,0.2534516765285996,0.23964497041420119
0.2593688362919132,0.24753451676528598,0.23964497041420119,0.2534516765285996
0.2490272373540856,0.2441634241245136,0.2538910505836576,0.2529182879377432
0.2441634241245136,0.2490272373540856,0.2529182879377432,0.2538910505836576
0.2538910505836576,0.2529182879377432,0.2490272373540856,0.2441634241245136
0.2529182879377432,0.2538910505836576,0.2441634241245136,0.2490272373540856
0.24975704567541301,0.2555879494655005,0.2478134110787172,0.2468415937803693
0.2555879494655005,0.24975704567541301,0.2468415937803693,0.2478134110787172
0.2478134110787172,0.2468415937803693,0.24975704567541301,0.2555879494655005
0.2468415937803693,0.2478134110787172,0.2555879494655005,0.24975704567541301
0.24319066147859922,0.2519455252918288,0.25778210116731515,0.24708171206225682
0.2519455252918288,0.24319066147859922,0.24708171206225682,0.25778210116731515
0.25778210116731515,0.24708171206225682,0.24319066147859922,0.2519455252918288
0.24708171206225682,0.25778210116731515,0.2519455252918288,0.24319066147859922
0.2541062801932367,0.2463768115942029,0.25024154589371983,0.2492753623188406
0.2463768115942029,0.2541062801932367,0.2492753623188406,0.25024154589371983
0.25024154589371983,0.2492753623188406,0.2541062801932367,0.2463768115942029
0.2492753623188406,0.25024154589371983,0.2463768115942029,0.2541062801932367
0.2606177606177606,0.24420849420849422,0.24613899613899615,0.24903474903474904
0.24420849420849422,0.2606177606177606,0.24903474903474904,0.24613899613899615
0.24613899613899615,0.24903474903474904,0.2606177606177606,0.24420849420849422
0.24903474903474904,0.24613899613899615,0.24420849420849422,0.2606177606177606
0.24245374878286272,0.249269717624148,0.2560856864654333,0.25219084712755596
0.249269717624148,0.24245374878286272,0.25219084712755596,0.2560856864654333
0.2560856864654333,0.25219084712755596,0.24245374878286272,0.249269717624148
0.25219084712755596,0.2560856864654333,0.249269717624148,0.24245374878286272
0.2521655437921078,0.2550529355149182,0.2492781520692974,0.2435033686236766
0.2550529355149182,0.2521655437921078,0.2435033686236766,0.2492781520692974
0.2492781520692974,0.2435033686236766,0.2521655437921078,0.2550529355149182
0.2435033686236766,0.2492781520692974,0.2550529355149182,0.2521655437921078
0.24485798237022527,0.25269343780607245,0.2546523016650343,0.24779627815866798
0.25269343780607245,0.24485798237022527,0.24779627815866798,0.2546523016650343
0.2546523016650343,0.24779627815866798,0.24485798237022527,0.25269343780607245
0.24779627815866798,0.2546523016650343,0.25269343780607245,0.24485798237022527
0.25583657587548636,0.2519455252918288,0.24610894941634243,0.24610894941634243
0.2519455252918288,0.25583657587548636,0.24610894941634243,0.24610894941634243
0.24610894941634243,0.24610894941634243,0.25583657587548636,0.2519455252918288
0.24610894941634243,0.24610894941634243,0.2519455252918288,0.25583657587548636
0.25073170731707317,0.24390243902439024,0.25073170731707317,0.2546341463414634
0.24390243902439024,0.25073170731707317,0.2546341463414634,0.25073170731707317
0.25073170731707317,0.2546341463414634,0.25073170731707317,0.24390243902439024
0.2546341463414634,0.25073170731707317,0.24390243902439024,0.25073170731707317
0.2492725509214355,0.2502424830261882,0.2463627546071775,0.2541222114451988
0.2502424830261882,0.2492725509214355,0.2541222114451988,0.2463627546071775
0.2463627546071775,0.2541222114451988,0.2492725509214355,0.2502424830261882
0.2541222114451988,0.2463627546071775,0.2502424830261882,0.2492725509214355
0.25556631171345595,0.25653436592449175,0.24394966118102615,0.24394966118102615
0.25653436592449175,0.25556631171345595,0.24394966118102615,0.24394966118102615
0.24394966118102615,0.24394966118102615,0.25556631171345595,0.25653436592449175
0.24394966118102615,0.24394966118102615,0.25653436592449175,0.25556631171345595
0.24702380952380953,0.24702380952380953,0.25297619047619047,0.25297619047619047
0.24879459980713597,0.24879459980713597,0.25554484088717455,0.24686595949855353
0.24879459980713597,0.24879459980713597,0.24686595949855353,0.25554484088717455
0.25554484088717455,0.24686595949855353,0.24879459980713597,0.24879459980713597
0.24686595949855353,0.25554484088717455,0.24879459980713597,0.24879459980713597
0.25072604065827686,0.25072604065827686,0.2536302032913843,0.24491771539206195
0.25072604065827686,0.25072604065827686,0.24491771539206195,0.2536302032913843
0.2536302032913843,0.24491771539206195,0.25072604065827686,0.25072604065827686
0.24491771539206195,0.2536302032913843,0.25072604065827686,0.25072604065827686
0.25024154589371983,0.25024154589371983,0.25024154589371983,0.2492753623188406
0.25024154589371983,0.25024154589371983,0.2492753623188406,0.25024154589371983
0.25024154589371983,0.2492753623188406,0.25024154589371983,0.25024154589371983
0.2492753623188406,0.25024154589371983,0.25024154589371983,0.25024154589371983
0.24588576960309777,0.2526621490803485,0.2536302032913843,0.24782187802516942
0.2526621490803485,0.24588576960309777,0.24782187802516942,0.2536302032913843
0.2536302032913843,0.24782187802516942,0.24588576960309777,0.2526621490803485
0.24782187802516942,0.2536302032913843,0.2526621490803485,0.24588576960309777
0.2475442043222004,0.2544204322200393,0.25147347740667975,0.24656188605108054
0.2544204322200393,0.2475442043222004,0.24656188605108054,0.25147347740667975
0.25147347740667975,0.24656188605108054,0.2475442043222004,0.2544204322200393
0.24656188605108054,0.25147347740667975,0.2544204322200393,0.2475442043222004
0.24702380952380953,0.24702380952380953,0.25297619047619047,0.25297619047619047
0.25297619047619047,0.25297619047619047,0.24702380952380953,0.24702380952380953
0.25297619047619047,0.25297619047619047,0.24702380952380953,0.24702380952380953
0.25318940137389595,0.2522080471050049,0.24730127576054955,0.24730127576054955
0.24730127576054955,0.24730127576054955,0.2522080471050049,0.25318940137389595
0.24730127576054955,0.24730127576054955,0.25318940137389595,0.2522080471050049
0.2512218963831867,0.25219941348973607,0.24633431085043989,0.25024437927663734
0.24950884086444008,0.25736738703339884,0.2475442043222004,0.2455795677799607
0.25736738703339884,0.24950884086444008,0.2455795677799607,0.2475442043222004
0.2475442043222004,0.2455795677799607,0.24950884086444008,0.25736738703339884
0.2455795677799607,0.2475442043222004,0.25736738703339884,0.24950884086444008
0.24878993223620524,0.2468538238141336,0.24878993223620524,0.25556631171345595
0.2468538238141336,0.24878993223620524,0.25556631171345595,0.24878993223620524
0.24878993223620524,0.25556631171345595,0.24878993223620524,0.2468538238141336
0.25556631171345595,0.24878993223620524,0.2468538238141336,0.24878993223620524
0.24609375,0.25,0.251953125,0.251953125
0.25,0.24609375,0.251953125,0.251953125
0.251953125,0.251953125,0.24609375,0.25
0.251953125,0.251953125,0.25,0.24609375
0.2516810758885687,0.2574447646493756,0.24687800192122958,0.24399615754082613
0.24321705426356588,0.2567829457364341,0.2596899224806202,0.24031007751937986
0.2567829457364341,0.24321705426356588,0.24031007751937986,0.2596899224806202
0.2596899224806202,0.24031007751937986,0.24321705426356588,0.2567829457364341
0.24031007751937986,0.2596899224806202,0.2567829457364341,0.24321705426356588
0.24450811843361986,0.25501432664756446,0.2531041069723018,0.24737344794651384
0.25501432664756446,0.24450811843361986,0.24737344794651384,0.2531041069723018
0.2531041069723018,0.24737344794651384,0.24450811843361986,0.25501432664756446
0.24737344794651384,0.2531041069723018,0.25501432664756446,0.24450811843361986
0.24711538461538463,0.25576923076923075,0.2528846153846154,0.24423076923076922
0.25576923076923075,0.24711538461538463,0.24423076923076922,0.2528846153846154
0.2528846153846154,0.24423076923076922,0.24711538461538463,0.25576923076923075
0.24423076923076922,0.2528846153846154,0.25576923076923075,0.24711538461538463
0.2574447646493756,0.2516810758885687,0.24399615754082613,0.24687800192122958
0.24687800192122958,0.24399615754082613,0.2516810758885687,0.2574447646493756
0.24399615754082613,0.24687800192122958,0.2574447646493756,0.2516810758885687
0.25048732943469787,0.246588693957115,0.24951267056530213,0.253411306042885
0.246588693957115,0.25048732943469787,0.253411306042885,0.24951267056530213
0.24951267056530213,0.253411306042885,0.25048732943469787,0.246588693957115
0.253411306042885,0.24951267056530213,0.246588693957115,0.25048732943469787
0.2492639842983317,0.2561334641805692,0.2463199214916585,0.24828263002944062
0.2561334641805692,0.2492639842983317,0.24828263002944062,0.2463199214916585
0.2463199214916585,0.24828263002944062,0.2492639842983317,0.2561334641805692
0.24828263002944062,0.2463199214916585,0.2561334641805692,0.2492639842983317
0.25951219512195123,0.25170731707317073,0.2448780487804878,0.24390243902439024
0.25170731707317073,0.25951219512195123,0.24390243902439024,0.2448780487804878
0.2448780487804878,0.24390243902439024,0.25951219512195123,0.25170731707317073
0.24390243902439024,0.2448780487804878,0.25170731707317073,0.25951219512195123
0.2502472799208704,0.26112759643916916,0.24530168150346193,0.2433234421364985
0.26112759643916916,0.2502472799208704,0.2433234421364985,0.24530168150346193
0.24530168150346193,0.2433234421364985,0.2502472799208704,0.26112759643916916
0.2433234421364985,0.24530168150346193,0.26112759643916916,0.2502472799208704
0.2593688362919132,0.2465483234714004,0.2455621301775148,0.2485207100591716
0.253411306042885,0.25048732943469787,0.25048732943469787,0.24561403508771928
0.25048732943469787,0.253411306042885,0.24561403508771928,0.25048732943469787
0.25048732943469787,0.24561403508771928,0.253411306042885,0.25048732943469787
0.24561403508771928,0.25048732943469787,0.25048732943469787,0.253411306042885
0.24757281553398058,0.25728155339805825,0.24563106796116504,0.24951456310679612
0.25728155339805825,0.24757281553398058,0.24951456310679612,0.24563106796116504
0.24563106796116504,0.24951456310679612,0.24757281553398058,0.25728155339805825
0.24951456310679612,0.24563106796116504,0.25728155339805825,0.24757281553398058
0.2465483234714004,0.2593688362919132,0.2485207100591716,0.2455621301775148
0.2455621301775148,0.2485207100591716,0.2593688362919132,0.2465483234714004
0.2485207100591716,0.2455621301775148,0.2465483234714004,0.2593688362919132
0.24420849420849422,0.24903474903474904,0.2606177606177606,0.24613899613899615
0.2509578544061303,0.24521072796934865,0.2557471264367816,0.24808429118773948
0.24521072796934865,0.2509578544061303,0.24808429118773948,0.2557471264367816
0.2557471264367816,0.24808429118773948,0.2509578544061303,0.24521072796934865
0.24808429118773948,0.2557471264367816,0.24521072796934865,0.2509578544061303
0.249500998003992,0.24850299401197604,0.25349301397205587,0.24850299401197604
0.24850299401197604,0.249500998003992,0.24850299401197604,0.25349301397205587
0.25349301397205587,0.24850299401197604,0.249500998003992,0.24850299401197604
0.24850299401197604,0.25349301397205587,0.24850299401197604,0.249500998003992
0.24903474903474904,0.24420849420849422,0.24613899613899615,0.2606177606177606
0.2606177606177606,0.24613899613899615,0.24420849420849422,0.24903474903474904
0.24613899613899615,0.2606177606177606,0.24903474903474904,0.24420849420849422
0.24509803921568626,0.24705882352941178,0.25588235294117645,0.2519607843137255
0.24705882352941178,0.24509803921568626,0.2519607843137255,0.25588235294117645
0.25588235294117645,0.2519607843137255,0.24509803921568626,0.24705882352941178
0.2519607843137255,0.25588235294117645,0.24705882352941178,0.24509803921568626
0.24535679374389052,0.25024437927663734,0.25317693059628543,0.2512218963831867
0.25024437927663734,0.24535679374389052,0.2512218963831867,0.25317693059628543
0.25317693059628543,0.2512218963831867,0.24535679374389052,0.25024437927663734
0.2512218963831867,0.25317693059628543,0.25024437927663734,0.24535679374389052
0.24552683896620278,0.2554671968190855,0.25646123260437376,0.24254473161033796
0.2554671968190855,0.24552683896620278,0.24254473161033796,0.25646123260437376
0.25646123260437376,0.24254473161033796,0.24552683896620278,0.2554671968190855
0.24254473161033796,0.25646123260437376,0.2554671968190855,0.24552683896620278
0.2436893203883495,0.25145631067961166,0.2563106796116505,0.24854368932038834
0.25145631067961166,0.2436893203883495,0.24854368932038834,0.2563106796116505
0.2563106796116505,0.24854368932038834,0.2436893203883495,0.25145631067961166
0.24854368932038834,0.2563106796116505,0.25145631067961166,0.2436893203883495
0.25024630541871923,0.2512315270935961,0.2512315270935961,0.24729064039408866
0.2512315270935961,0.25024630541871923,0.24729064039408866,0.2512315270935961
0.2512315270935961,0.24729064039408866,0.25024630541871923,0.2512315270935961
0.24729064039408866,0.2512315270935961,0.2512315270935961,0.25024630541871923
0.245136186770428,0.2616731517509728,0.24708171206225682,0.24610894941634243
0.2616731517509728,0.245136186770428,0.24610894941634243,0.24708171206225682
0.24708171206225682,0.24610894941634243,0.245136186770428,0.2616731517509728
0.24610894941634243,0.24708171206225682,0.2616731517509728,0.245136186770428
0.248046875,0.2509765625,0.2509765625,0.25
0.2509765625,0.248046875,0.25,0.2509765625
0.2509765625,0.25,0.248046875,0.2509765625
0.25,0.2509765625,0.2509765625,0.248046875
0.25024342745861733,0.2453748782862707,0.25316455696202533,0.25121713729308665
0.2453748782862707,0.25024342745861733,0.25121713729308665,0.25316455696202533
0.25316455696202533,0.25121713729308665,0.25024342745861733,0.2453748782862707
0.25121713729308665,0.25316455696202533,0.2453748782862707,0.25024342745861733
0.24168297455968688,0.25440313111545987,0.2553816046966732,0.24853228962818003
0.24779627815866798,0.2566111655239961,0.2507345739471107,0.24485798237022527
0.2566111655239961,0.24779627815866798,0.24485798237022527,0.2507345739471107
0.2507345739471107,0.24485798237022527,0.24779627815866798,0.2566111655239961
0.24485798237022527,0.2507345739471107,0.2566111655239961,0.24779627815866798
0.25440313111545987,0.24168297455968688,0.24853228962818003,0.2553816046966732
0.2553816046966732,0.24853228962818003,0.24168297455968688,0.25440313111545987
0.24853228962818003,0.2553816046966732,0.25440313111545987,0.24168297455968688
0.24830261881668284,0.25121241513094084,0.2463627546071775,0.2541222114451988
0.25121241513094084,0.24830261881668284,0.2541222114451988,0.2463627546071775
0.2463627546071775,0.2541222114451988,0.24830261881668284,0.25121241513094084
0.2541222114451988,0.2463627546071775,0.25121241513094084,0.24830261881668284
0.24854368932038834,0.2446601941747573,0.25339805825242717,0.25339805825242717
0.2446601941747573,0.24854368932038834,0.25339805825242717,0.25339805825242717
0.25339805825242717,0.25339805825242717,0.24854368932038834,0.2446601941747573
0.25339805825242717,0.25339805825242717,0.2446601941747573,0.24854368932038834
0.2475633528265107,0.25828460038986356,0.246588693957115,0.2475633528265107
0.25828460038986356,0.2475633528265107,0.2475633528265107,0.246588693957115
0.246588693957115,0.2475633528265107,0.2475633528265107,0.25828460038986356
0.2475633528265107,0.246588693957115,0.25828460038986356,0.2475633528265107
0.2519305019305019,0.2528957528957529,0.2471042471042471,0.24806949806949807
0.2528957528957529,0.2519305019305019,0.24806949806949807,0.2471042471042471
0.2471042471042471,0.24806949806949807,0.2519305019305019,0.2528957528957529
0.24806949806949807,0.2471042471042471,0.2528957528957529,0.2519305019305019
0.2490234375,0.2451171875,0.2548828125,0.2509765625
0.2451171875,0.2490234375,0.2509765625,0.2548828125
0.2548828125,0.2509765625,0.2490234375,0.2451171875
0.2509765625,0.2548828125,0.2451171875,0.2490234375
0.25219941348973607,0.2512218963831867,0.25024437927663734,0.24633431085043989
0.24633431085043989,0.25024437927663734,0.2512218963831867,0.25219941348973607
0.25024437927663734,0.24633431085043989,0.25219941348973607,0.2512218963831867
0.24390243902439024,0.25365853658536586,0.25073170731707317,0.25170731707317073
0.25365853658536586,0.24390243902439024,0.25170731707317073,0.25073170731707317
0.25073170731707317,0.25170731707317073,0.24390243902439024,0.25365853658536586
0.25170731707317073,0.25073170731707317,0.25365853658536586,0.24390243902439024
0.2441634241245136,0.2529182879377432,0.2490272373540856,0.2538910505836576
0.2529182879377432,0.2441634241245136,0.2538910505836576,0.2490272373540856
0.2490272373540856,0.2538910505836576,0.2441634241245136,0.2529182879377432
0.2538910505836576,0.2490272373540856,0.2529182879377432,0.2441634241245136
0.24519230769230768,0.2423076923076923,0.2519230769230769,0.2605769230769231
0.2423076923076923,0.24519230769230768,0.2605769230769231,0.2519230769230769
0.2519230769230769,0.2605769230769231,0.24519230769230768,0.2423076923076923
0.2605769230769231,0.2519230769230769,0.2423076923076923,0.24519230769230768
0.2526621490803485,0.2468538238141336,0.24975798644724104,0.25072604065827686
0.2468538238141336,0.2526621490803485,0.25072604065827686,0.24975798644724104
0.24975798644724104,0.25072604065827686,0.2526621490803485,0.2468538238141336
0.25072604065827686,0.24975798644724104,0.2468538238141336,0.2526621490803485
0.2560856864654333,0.249269717624148,0.24440116845180138,0.25024342745861733
0.249269717624148,0.2560856864654333,0.25024342745861733,0.24440116845180138
0.24440116845180138,0.25024342745861733,0.2560856864654333,0.249269717624148
0.25024342745861733,0.24440116845180138,0.249269717624148,0.2560856864654333
0.25219941348973607,0.2482893450635386,0.25024437927663734,0.24926686217008798
0.2482893450635386,0.25219941348973607,0.24926686217008798,0.25024437927663734
0.25024437927663734,0.24926686217008798,0.25219941348973607,0.2482893450635386
0.24926686217008798,0.25024437927663734,0.2482893450635386,0.25219941348973607
0.25168756027000966,0.24879459980713597,0.24783027965284474,0.25168756027000966
0.24879459980713597,0.25168756027000966,0.25168756027000966,0.24783027965284474
0.24783027965284474,0.25168756027000966,0.25168756027000966,0.24879459980713597
0.25168756027000966,0.24783027965284474,0.24879459980713597,0.25168756027000966
0.25638506876227896,0.2475442043222004,0.2455795677799607,0.2504911591355599
0.2475442043222004,0.25638506876227896,0.2504911591355599,0.2455795677799607
0.2455795677799607,0.2504911591355599,0.25638506876227896,0.2475442043222004
0.2504911591355599,0.2455795677799607,0.2475442043222004,0.25638506876227896
0.2527254707631318,0.2527254707631318,0.24578790882061446,0.2487611496531219
0.2527254707631318,0.2527254707631318,0.2487611496531219,0.24578790882061446
0.24578790882061446,0.2487611496531219,0.2527254707631318,0.2527254707631318
0.2487611496531219,0.24578790882061446,0.2527254707631318,0.2527254707631318
0.24708171206225682,0.25,0.25680933852140075,0.24610894941634243
0.25,0.24708171206225682,0.24610894941634243,0.25680933852140075
0.25680933852140075,0.24610894941634243,0.24708171206225682,0.25
0.24610894941634243,0.25680933852140075,0.25,0.24708171206225682
0.24729064039408866,0.25517241379310346,0.2541871921182266,0.24334975369458128
0.25517241379310346,0.24729064039408866,0.24334975369458128,0.2541871921182266
0.2541871921182266,0.24334975369458128,0.24729064039408866,0.25517241379310346
0.24334975369458128,0.2541871921182266,0.25517241379310346,0.24729064039408866
0.25073746312684364,0.24385447394296952,0.2536873156342183,0.25172074729596855
0.24385447394296952,0.25073746312684364,0.25172074729596855,0.2536873156342183
0.2536873156342183,0.25172074729596855,0.25073746312684364,0.24385447394296952
0.25172074729596855,0.2536873156342183,0.24385447394296952,0.25073746312684364
0.24782187802516942,0.24491771539206195,0.25072604065827686,0.25653436592449175
0.24491771539206195,0.24782187802516942,0.25653436592449175,0.25072604065827686
0.25072604065827686,0.25653436592449175,0.24782187802516942,0.24491771539206195
0.25653436592449175,0.25072604065827686,0.24491771539206195,0.24782187802516942
0.2528846153846154,0.25,0.24807692307692308,0.24903846153846154
0.25,0.2528846153846154,0.24903846153846154,0.24807692307692308
0.24807692307692308,0.24903846153846154,0.2528846153846154,0.25
0.24903846153846154,0.24807692307692308,0.25,0.2528846153846154
0.2504816955684008,0.2524084778420039,0.24759152215799615,0.24951830443159922
0.2524084778420039,0.2504816955684008,0.24951830443159922,0.24759152215799615
0.24759152215799615,0.24951830443159922,0.2504816955684008,0.2524084778420039
0.24951830443159922,0.24759152215799615,0.2524084778420039,0.2504816955684008
0.2482758620689655,0.2541871921182266,0.24630541871921183,0.2512315270935961
0.2529296875,0.2509765625,0.2451171875,0.2509765625
0.2509765625,0.2529296875,0.2509765625,0.2451171875
0.2451171875,0.2509765625,0.2529296875,0.2509765625
0.2509765625,0.2451171875,0.2509765625,0.2529296875
0.25072604065827686,0.24298160696999033,0.25072604065827686,0.25556631171345595
0.24298160696999033,0.25072604065827686,0.25556631171345595,0.25072604065827686
0.25072604065827686,0.25556631171345595,0.25072604065827686,0.24298160696999033
0.25556631171345595,0.25072604065827686,0.24298160696999033,0.25072604065827686
0.2541871921182266,0.2482758620689655,0.2512315270935961,0.24630541871921183
0.24630541871921183,0.2512315270935961,0.2482758620689655,0.2541871921182266
0.2512315270935961,0.24630541871921183,0.2541871921182266,0.2482758620689655
0.25645933014354066,0.2507177033492823,0.24688995215311005,0.24593301435406698
0.2507177033492823,0.25645933014354066,0.24593301435406698,0.24688995215311005
0.24688995215311005,0.24593301435406698,0.25645933014354066,0.2507177033492823
0.24593301435406698,0.24688995215311005,0.2507177033492823,0.25645933014354066
0.2543352601156069,0.2466281310211946,0.2466281310211946,0.2524084778420039
0.2466281310211946,0.2543352601156069,0.2524084778420039,0.2466281310211946
0.2466281310211946,0.2524084778420039,0.2543352601156069,0.2466281310211946
0.2524084778420039,0.2466281310211946,0.2466281310211946,0.2543352601156069
0.2512218963831867,0.25513196480938416,0.24926686217008798,0.24437927663734116
0.25513196480938416,0.2512218963831867,0.24437927663734116,0.24926686217008798
0.24926686217008798,0.24437927663734116,0.2512218963831867,0.25513196480938416
0.24437927663734116,0.24926686217008798,0.25513196480938416,0.2512218963831867
0.24681684622918706,0.2517140058765916,0.2556317335945152,0.24583741429970618
0.2517140058765916,0.24681684622918706,0.24583741429970618,0.2556317335945152
0.2556317335945152,0.24583741429970618,0.24681684622918706,0.2517140058765916
0.24583741429970618,0.2556317335945152,0.2517140058765916,0.24681684622918706
0.2497560975609756,0.24780487804878049,0.24878048780487805,0.25365853658536586
0.24780487804878049,0.2497560975609756,0.25365853658536586,0.24878048780487805
0.24878048780487805,0.25365853658536586,0.2497560975609756,0.24780487804878049
